path = [
    0 0 20;
    10 10 20;
    0 0 20;
]

time = 0:10/2:10

time_path = [time' path]